 -2.4820902e-002
  1.2410451e-002
  6.1257199e-001
 -3.6166936e-003
 -7.6916532e-003
  3.2700116e-001
 -1.7675051e-003
  1.2372536e-002
  5.4977166e-001
  1.2959440e-002
 -5.7716082e-002
  3.3605045e-001
 -3.0057128e-002
  7.9562987e-002
  5.5642953e-001
  8.3055678e-003
 -2.3161797e-002
  3.3415049e-001
  0.0000000e+000
  1.9409417e-002
  5.1136562e-001
  0.0000000e+000
 -5.8591512e-002
  3.3107255e-001
  8.8826025e-003
  8.3496463e-002
  6.5063329e-001
  9.2384876e-003
  5.5241783e-002
  3.3262892e-001
  1.7695334e-003
  6.3703201e-002
  5.7402215e-001
 -4.9568499e-003
 -2.0446597e-002
  3.4209701e-001
  0.0000000e+000
  9.5824007e-002
  6.2959115e-001
  3.4694470e-018
  4.3536622e-002
  3.3868357e-001
  3.0057128e-002
  7.9562987e-002
  5.5642953e-001
 -8.3055678e-003
 -2.3161797e-002
  3.3415049e-001
 -2.6622916e-002
  3.3722360e-002
  6.3345899e-001
 -2.8704543e-002
  9.8924211e-003
  3.3691570e-001
  0.0000000e+000
  5.3117746e-003
  5.8642927e-001
  1.7347235e-018
 -3.7868556e-002
  3.4001467e-001
 -1.7695334e-003
  6.3703201e-002
  5.7402215e-001
  4.9568499e-003
 -2.0446597e-002
  3.4209701e-001
  1.7675051e-003
  1.2372536e-002
  5.4977166e-001
 -1.2959440e-002
 -5.7716082e-002
  3.3605045e-001
  0.0000000e+000
  5.8653564e-002
  6.5954939e-001
 -1.3010426e-018
  6.6393517e-003
  3.4197210e-001
  2.6622916e-002
  3.3722360e-002
  6.3345899e-001
  2.8704543e-002
  9.8924211e-003
  3.3691570e-001
 -8.8826025e-003
  8.3496463e-002
  6.5063329e-001
 -9.2384876e-003
  5.5241783e-002
  3.3262892e-001
  2.4820902e-002
  1.2410451e-002
  6.1257199e-001
  3.6166936e-003
 -7.6916532e-003
  3.2700116e-001
  0.0000000e+000
  4.6858422e-002
  5.9629442e-001
  0.0000000e+000
 -8.3779965e-003
  3.3558940e-001
