  2.6224000e-001  3.4585600e-001  9.0093200e-001
  1.6430100e-002 -1.5116500e-001  9.8842100e-001
 -3.8918472e-001 -6.8433175e-001  6.1651161e-001
 -3.8546678e-001 -9.1281060e-001  1.3432787e-001
 -4.0187700e-001 -8.3506700e-001 -3.7566700e-001
 -1.7173700e-001 -5.4552500e-001 -8.2028400e-001
  1.6130715e-001  7.5458353e-002 -9.8404335e-001
  3.2741788e-001  5.6579472e-001 -7.5677085e-001
  3.1110900e-001  9.3487100e-001 -1.7113300e-001
  3.0153200e-001  9.0216600e-001  3.0855000e-001
  1.7246100e-001  5.5874800e-001  8.1122400e-001
  1.2569800e-001  1.0485400e-001  9.8653100e-001
  1.1016000e-001 -4.7605300e-001  8.7246500e-001
  1.4593100e-001 -8.4375700e-001  5.1653300e-001
  2.7533053e-002 -9.7562078e-001 -2.1708946e-001
  2.2672360e-002 -7.5157497e-001 -6.5920676e-001
 -1.0900400e-001 -6.6140300e-002 -9.9188400e-001
 -2.5589223e-001  2.8315320e-001 -9.2426813e-001
 -2.4708679e-001  8.4121886e-001 -4.8094535e-001
 -3.0659300e-001  9.1448600e-001  2.6404000e-001
 -2.4150700e-001  6.8299300e-001  6.8940200e-001
 -2.3796000e-002  2.9489900e-001  9.5531600e-001
  3.0802000e-001 -2.1777800e-001  9.2607000e-001
  6.1649600e-001 -4.8213500e-001  6.2236400e-001
  7.3502042e-001 -6.7661052e-001  3.9957517e-002
  6.8406334e-001 -5.5971345e-001 -4.6736668e-001
  4.1157500e-001 -1.8166700e-001 -8.9316200e-001
 -1.6117800e-001  6.0513000e-002 -9.8507500e-001
 -6.8125000e-001  3.6453700e-001 -6.3482600e-001
 -9.0346089e-001  4.1663464e-001 -9.8018563e-002
 -7.9051542e-001  3.7934598e-001  4.8049948e-001
 -4.6968900e-001  2.2450100e-001  8.5389000e-001
 -2.3132200e-002 -9.5958900e-002  9.9518200e-001
  4.9762300e-001  2.1262300e-002  8.6712800e-001
  9.4254629e-001  1.5566261e-001  2.9497719e-001
  9.5347670e-001  8.7550424e-002 -2.8768175e-001
  6.3398900e-001  1.0683400e-001 -7.6586500e-001
  1.9172200e-001  5.3719200e-002 -9.7997300e-001
 -5.2083006e-001 -2.4993120e-001 -8.1620905e-001
 -8.3540776e-001 -3.2416239e-001 -4.4357779e-001
 -8.7863400e-001 -4.0445400e-001  2.5366000e-001
 -6.0249500e-001 -2.6453600e-001  7.5299400e-001
 -1.8432500e-001  4.9567700e-002  9.8161200e-001
  1.6034400e-001  4.2268200e-001  8.9200800e-001
  4.1617600e-001  7.4169100e-001  5.2611200e-001
  5.8051384e-001  8.1243089e-001 -5.3931422e-002
  4.1734941e-001  5.6472073e-001 -7.1199084e-001
  1.5252700e-001  6.7700700e-002 -9.8600200e-001
 -3.1245400e-001 -4.8717200e-001 -8.1559200e-001
 -2.9037592e-001 -8.0341819e-001 -5.1988691e-001
 -4.1643169e-001 -9.0537027e-001  8.3337439e-002
 -4.4709100e-001 -6.0941500e-001  6.5474200e-001
 -2.6664600e-001 -1.4943400e-001  9.5219800e-001
 -2.7479200e-001  4.2184200e-001  8.6403200e-001
 -3.1719500e-001  7.5422600e-001  5.7500300e-001
 -1.9479088e-001  9.6087341e-001  1.9676757e-001
 -1.4661694e-001  8.8123555e-001 -4.4937709e-001
 -1.4527800e-001  5.0726600e-001 -8.4949000e-001
  1.6017400e-001 -1.4250600e-001 -9.7681200e-001
  3.4352848e-001 -6.2935522e-001 -6.9703691e-001
  5.4593020e-001 -8.2238027e-001 -1.5902673e-001
  5.2988800e-001 -7.3268800e-001  4.2703400e-001
  2.0153500e-001 -4.4383400e-001  8.7315700e-001
 -1.4102500e-001 -1.0019600e-002  9.8998200e-001
 -5.4593000e-001  3.1985900e-001  7.7437000e-001
 -8.4806257e-001  4.8945998e-001  2.0227636e-001
 -8.2204449e-001  4.0899776e-001 -3.9548680e-001
 -5.2339800e-001  1.6221600e-001 -8.3641300e-001
  1.0949600e-001 -1.0433100e-001 -9.8851900e-001
  5.9372305e-001 -9.5138386e-002 -7.9885511e-001
  9.3991645e-001 -2.9419445e-001 -1.7131910e-001
  9.1057000e-001 -1.7397300e-001  3.7491100e-001
  5.1720500e-001 -6.5110700e-002  8.5333300e-001
 -8.9315200e-002  1.0446000e-002  9.9598300e-001
 -5.5365300e-001 -7.2703100e-002  8.2956300e-001
 -9.0078700e-001 -1.5974600e-001  4.0379100e-001
 -9.4306899e-001 -2.8477636e-001 -1.7067769e-001
 -5.9045153e-001 -1.0623863e-001 -8.0007705e-001
 -1.1015900e-001 -1.2855300e-001 -9.8557300e-001
  5.2313000e-001  1.5124900e-001 -8.3871200e-001
  8.2894045e-001  3.9743385e-001 -3.9366440e-001
  8.3850698e-001  5.0675160e-001  2.0089190e-001
  5.2030900e-001  3.2918200e-001  7.8799000e-001
  1.5040300e-001 -2.4498300e-002  9.8839000e-001
 -2.6646900e-001 -3.6422000e-001  8.9237800e-001
 -5.3191100e-001 -7.0648400e-001  4.6692300e-001
 -5.2059039e-001 -8.3768146e-001 -1.6451693e-001
 -3.7793315e-001 -6.1129771e-001 -6.9525688e-001
 -9.2279300e-002 -2.7587400e-001 -9.5676300e-001
  2.5500800e-001  4.1484200e-001 -8.7348000e-001
  1.5098513e-001  9.0188471e-001 -4.0502240e-001
  1.8218567e-001  9.7198976e-001  1.4936074e-001
  1.4769600e-001  7.4069900e-001  6.5539500e-001
  1.7744100e-001  3.0702500e-001  9.3500600e-001
  2.9772300e-001 -9.3367200e-002  9.5005600e-001
  3.8867500e-001 -6.0775400e-001  6.9252900e-001
  4.3926563e-001 -8.9033413e-001  1.1984662e-001
  2.4934660e-001 -7.9753872e-001 -5.4945051e-001
  3.5839700e-001 -4.8911200e-001 -7.9528700e-001
 -9.5592500e-002  5.5596800e-002 -9.9388400e-001
 -4.3861993e-001  5.8191590e-001 -6.8488467e-001
 -5.7449686e-001  8.1354384e-001 -9.1237948e-002
 -4.4381900e-001  7.7858100e-001  4.4364000e-001
 -2.6395500e-001  4.4689800e-001  8.5477100e-001
  1.1450600e-001  8.6140700e-002  9.8975300e-001
  5.3771200e-001 -1.6695800e-001  8.2644100e-001
  8.9229700e-001 -3.6394800e-001  2.6679400e-001
  8.3320290e-001 -3.4563137e-001 -4.3164766e-001
  5.1986849e-001 -2.2736128e-001 -8.2344956e-001
 -1.0654900e-001  1.2243100e-002 -9.9422400e-001
 -6.5126700e-001  4.5849100e-002 -7.5743900e-001
 -9.5051425e-001  1.3139140e-001 -2.8125736e-001
 -9.5229047e-001  9.7358937e-002  2.8897888e-001
 -5.0882800e-001  6.4599100e-002  8.5843300e-001
 -9.3501900e-002  1.4124600e-002  9.9555100e-001
  4.4743300e-001  1.6740500e-001  8.7851700e-001
  8.0171465e-001  3.9150832e-001  4.5142943e-001
  9.1561735e-001  3.9636816e-001 -6.5231304e-002
  6.9604000e-001  2.6637100e-001 -6.6676700e-001
  1.3162600e-001  8.0317100e-002 -9.8802100e-001
 -4.0961200e-001 -1.7188300e-001 -8.9597500e-001
 -6.5772584e-001 -5.9799815e-001 -4.5785028e-001
 -7.6761424e-001 -6.4028629e-001  2.5421417e-002
 -6.1508700e-001 -5.1038300e-001  6.0098300e-001
 -3.1899700e-001 -1.4632000e-001  9.3639700e-001
 -1.2057900e-001  3.3240000e-001  9.3540100e-001
  8.6932500e-002  6.6618700e-001  7.4070200e-001
  3.9874700e-001  8.8221000e-001  2.5043600e-001
  2.3498259e-001  8.3301697e-001 -5.0108471e-001
  2.6795485e-001  3.0067451e-001 -9.1546402e-001
  1.8535300e-001 -1.1018900e-001 -9.7647900e-001
  1.0336955e-002 -7.3740269e-001 -6.7524366e-001
 -6.7913970e-002 -9.7783186e-001 -1.9773302e-001
 -2.6416100e-001 -8.0145800e-001  5.3650300e-001
 -1.7651500e-001 -4.5176700e-001  8.7449900e-001
 -1.6428700e-001  1.3253200e-001  9.7745700e-001
 -2.5040700e-001  5.9653300e-001  7.6253700e-001
 -3.1670000e-001  9.1424700e-001  2.5259400e-001
 -3.4283300e-001  8.9769400e-001 -2.7684900e-001
 -3.2667382e-001  5.5952228e-001 -7.6177066e-001
 -1.6892613e-001  8.1006283e-002 -9.8231313e-001
  1.7439100e-001 -5.7283100e-001 -8.0095800e-001
  3.5969400e-001 -8.5935300e-001 -3.6356100e-001
  4.5091211e-001 -8.8670342e-001  1.0184422e-001
  3.2290792e-001 -6.9729890e-001  6.3992726e-001
  1.0435900e-001 -1.1609100e-001  9.8773100e-001
 -1.9006700e-001  3.8080600e-001  9.0491500e-001
