 -4.4283700e+000 -2.3870400e+000  2.2447000e+000
 -4.2183500e+000 -2.6254500e+000  2.1772100e+000
 -3.9728335e+000 -2.7860477e+000  2.0985851e+000
 -3.6750335e+000 -2.9402677e+000  2.0898851e+000
 -3.2915000e+000 -3.0422900e+000  2.1449000e+000
 -3.0024200e+000 -3.1744800e+000  2.2488300e+000
 -2.7619005e+000 -3.2782940e+000  2.2783357e+000
 -2.4603905e+000 -3.4282940e+000  2.3535457e+000
 -2.0925500e+000 -3.5744800e+000  2.3790600e+000
 -1.7868200e+000 -3.6792200e+000  2.4052200e+000
 -1.4697400e+000 -3.7636900e+000  2.4422100e+000
 -1.1429400e+000 -3.7943700e+000  2.3189800e+000
 -8.1194400e-001 -3.7596400e+000  2.2320100e+000
 -4.6168000e-001 -3.7871300e+000  2.1902800e+000
 -2.1126898e-001 -3.8711464e+000  2.2220846e+000
  8.4618021e-002 -3.8393764e+000  2.1767746e+000
  4.9857400e-001 -3.8691300e+000  1.9335800e+000
  7.4185136e-001 -3.7841921e+000  2.0668359e+000
  1.0929364e+000 -3.7191221e+000  2.0151959e+000
  1.5144600e+000 -3.6892500e+000  1.8122800e+000
  1.8600000e+000 -3.6399400e+000  1.7708100e+000
  2.1769000e+000 -3.5793600e+000  1.7390300e+000
  2.4394100e+000 -3.3528200e+000  1.6391700e+000
  2.6183800e+000 -3.0957300e+000  1.5328300e+000
  2.7646583e+000 -2.8768398e+000  1.4282063e+000
  2.9706283e+000 -2.6061698e+000  1.4699163e+000
  3.3161300e+000 -2.3882000e+000  1.4476000e+000
  3.4678400e+000 -2.0674600e+000  1.4233500e+000
  3.6440200e+000 -1.7548400e+000  1.4587200e+000
  3.7706521e+000 -1.5241024e+000  1.4100823e+000
  3.9351821e+000 -1.1813424e+000  1.4431523e+000
  4.1022800e+000 -8.8455800e-001  1.4570200e+000
  4.1458400e+000 -5.6360200e-001  1.4021200e+000
  4.1991300e+000 -2.2462300e-001  1.3175900e+000
  4.1508676e+000  1.4693935e-001  1.2448916e+000
  4.0726676e+000  4.3349335e-001  1.2461916e+000
  3.9789200e+000  7.8051700e-001  1.3680200e+000
  3.9178900e+000  1.0770000e+000  1.3870700e+000
  3.6914966e+000  1.3872705e+000  1.2188074e+000
  3.5459866e+000  1.7062605e+000  1.1007174e+000
  3.3632200e+000  1.9466800e+000  1.1560300e+000
  3.2287900e+000  2.2603500e+000  1.1353500e+000
  3.0390600e+000  2.4957100e+000  1.1069000e+000
  2.8125700e+000  2.7149200e+000  1.0025500e+000
  2.4795400e+000  2.8548500e+000  1.0450700e+000
  2.2748111e+000  3.1514672e+000  9.7176280e-001
  2.0630211e+000  3.4374972e+000  9.8777380e-001
  1.7392800e+000  3.5211000e+000  8.1029100e-001
  1.5323400e+000  3.7727800e+000  6.7122200e-001
  1.1725079e+000  3.8828457e+000  9.3132829e-001
  8.4567090e-001  4.0259757e+000  9.3487929e-001
  6.0921900e-001  4.1057000e+000  6.1826100e-001
  3.2825900e-001  4.2576900e+000  5.4561700e-001
 -5.2391700e-002  4.3030800e+000  4.6526700e-001
 -4.0500000e-001  4.2592000e+000  5.2031700e-001
 -6.8223929e-001  4.2742488e+000  3.9326357e-001
 -1.0149903e+000  4.2018188e+000  3.6395857e-001
 -1.3511800e+000  4.2658600e+000  4.7394000e-001
 -1.6707400e+000  4.0149500e+000  3.1514300e-001
 -1.9960883e+000  3.9462521e+000  2.5041221e-001
 -2.2142383e+000  3.6687721e+000  3.4949121e-001
 -2.5571400e+000  3.5092500e+000  2.9439800e-001
 -2.8013800e+000  3.2398500e+000  2.7842100e-001
 -3.0227600e+000  3.0528800e+000  1.9979400e-001
 -3.2528500e+000  2.7932700e+000  1.6727800e-001
 -3.4186553e+000  2.5412482e+000  1.1064068e-001
 -3.6348353e+000  2.2835882e+000  2.1179668e-001
 -3.8135600e+000  1.9596900e+000  1.8531100e-001
 -4.0520000e+000  1.6760300e+000  1.0403100e-001
 -4.0351871e+000  1.3380000e+000  1.9958406e-001
 -4.0123371e+000  9.6553404e-001  7.7680459e-002
 -4.0687000e+000  6.4192400e-001 -2.0624600e-003
 -4.1586300e+000  3.1299400e-001  3.9950600e-002
 -4.1970100e+000 -1.4957800e-002  1.1519300e-002
 -4.1538000e+000 -3.2950300e-001 -9.1029300e-002
 -4.0992500e+000 -6.6104300e-001 -1.1207000e-001
 -4.0169936e+000 -9.6045097e-001 -8.7123534e-002
 -4.0323836e+000 -1.3426740e+000 -1.9236723e-001
 -4.0741400e+000 -1.6978800e+000 -1.2211300e-001
 -3.8031700e+000 -1.9709700e+000 -1.8922000e-001
 -3.6333769e+000 -2.2942134e+000 -2.1859480e-001
 -3.4217569e+000 -2.5301334e+000 -1.0604180e-001
 -3.2241800e+000 -2.8133100e+000 -1.6483700e-001
 -2.9886200e+000 -3.0420100e+000 -1.9236700e-001
 -2.7469500e+000 -3.2759200e+000 -2.6132300e-001
 -2.5218900e+000 -3.5439400e+000 -2.4839600e-001
 -2.2277282e+000 -3.6812324e+000 -3.6151295e-001
 -1.9836082e+000 -3.9331124e+000 -2.4078495e-001
 -1.6585000e+000 -4.0565200e+000 -1.8026200e-001
 -1.3287000e+000 -4.2468500e+000 -3.4954100e-001
 -1.0040690e+000 -4.2121995e+000 -3.9941957e-001
 -6.9367198e-001 -4.2629195e+000 -3.6035857e-001
 -3.0266700e-001 -4.3076500e+000 -3.8295600e-001
  2.7979800e-002 -4.3089900e+000 -3.8384700e-001
  3.8112700e-001 -4.2389300e+000 -5.1967500e-001
  6.3396400e-001 -4.0931200e+000 -6.2201000e-001
  8.5034373e-001 -4.0027286e+000 -9.1202385e-001
  1.1680287e+000 -3.9048386e+000 -9.5702185e-001
  1.5623700e+000 -3.7689300e+000 -6.7343000e-001
  1.7830300e+000 -3.5164300e+000 -8.3584800e-001
  2.0666429e+000 -3.4245975e+000 -9.9559989e-001
  2.2718229e+000 -3.1628975e+000 -9.6686089e-001
  2.5366300e+000 -2.8661800e+000 -1.0544500e+000
  2.8704600e+000 -2.7084100e+000 -9.9064500e-001
  3.1234100e+000 -2.5328800e+000 -1.0484200e+000
  3.2882100e+000 -2.2442300e+000 -1.0870100e+000
  3.4291700e+000 -1.9431400e+000 -1.1253400e+000
  3.5613318e+000 -1.6934790e+000 -1.0931018e+000
  3.6773818e+000 -1.3983590e+000 -1.2294618e+000
  3.9379700e+000 -1.0698100e+000 -1.3437900e+000
  3.9785100e+000 -7.7905500e-001 -1.3403200e+000
  4.0702536e+000 -4.3275595e-001 -1.2400409e+000
  4.1546536e+000 -1.4590295e-001 -1.2540809e+000
  4.1738800e+000  2.5949600e-001 -1.3263800e+000
  4.1524900e+000  5.7036300e-001 -1.4154800e+000
  4.0895300e+000  8.8236500e-001 -1.4190600e+000
  3.9222478e+000  1.2054553e+000 -1.4129105e+000
  3.7848778e+000  1.5017553e+000 -1.4433805e+000
  3.6421400e+000  1.7948100e+000 -1.4212800e+000
  3.5072700e+000  2.1005000e+000 -1.4123700e+000
  3.3300900e+000  2.3640700e+000 -1.4188400e+000
  2.9680600e+000  2.6075887e+000 -1.4600068e+000
  2.7681700e+000  2.8769987e+000 -1.4410568e+000
  2.6366000e+000  3.1071000e+000 -1.5358800e+000
  2.4451100e+000  3.3275100e+000 -1.6592800e+000
  2.1683600e+000  3.5613200e+000 -1.7908000e+000
  1.8560100e+000  3.5759200e+000 -1.8159400e+000
  1.5256700e+000  3.6835800e+000 -1.8242400e+000
  1.1026414e+000  3.6991144e+000 -2.0431895e+000
  7.3233338e-001  3.8054144e+000 -2.0416495e+000
  5.1175900e-001  3.8811800e+000 -1.9619400e+000
  7.3575130e-002  3.8445535e+000 -2.1765763e+000
 -2.0037397e-001  3.8670535e+000 -2.2248863e+000
 -4.8405800e-001  3.7650900e+000 -2.2817200e+000
 -7.8463400e-001  3.7550700e+000 -2.3125200e+000
 -1.1199900e+000  3.7808200e+000 -2.3966100e+000
 -1.4341300e+000  3.7433200e+000 -2.5091600e+000
 -1.7529900e+000  3.6499600e+000 -2.5388400e+000
 -2.0602800e+000  3.5553700e+000 -2.4250400e+000
 -2.4686987e+000  3.4140983e+000 -2.3605390e+000
 -2.7549187e+000  3.2931583e+000 -2.2736890e+000
 -2.9768100e+000  3.1597600e+000 -2.2716200e+000
 -3.2756600e+000  3.0537800e+000 -2.1736700e+000
 -3.6780992e+000  2.9688010e+000 -2.0711548e+000
 -3.9712292e+000  2.7579510e+000 -2.1194648e+000
 -4.1813200e+000  2.6754600e+000 -2.1741100e+000
 -4.4269200e+000  2.4348700e+000 -2.2472700e+000
