  4.4953700e-001  7.8236700e-001 -4.3124700e-001
  5.1857300e-001  8.4650400e-001  1.2090600e-001
  2.0589351e-001  5.8774779e-001  7.8256635e-001
 -1.1693879e-001  1.9290032e-001  9.7436502e-001
 -2.3418900e-001 -3.0287100e-001  9.2381600e-001
 -3.7121800e-001 -7.3551800e-001  5.6685100e-001
 -3.6582700e-001 -9.2146604e-001 -1.3079914e-001
 -1.6808939e-001 -7.5330032e-001 -6.3596383e-001
  3.1178900e-002 -1.8996000e-001 -9.8128200e-001
  5.4807800e-002  3.0668200e-001 -9.5020800e-001
  1.0901900e-001  8.0765800e-001 -5.7944200e-001
  1.0539400e-001  9.8739800e-001 -1.1828900e-001
  1.7851600e-002  8.7863900e-001  4.7716200e-001
 -8.9609400e-002  5.0868900e-001  8.5632000e-001
  1.9585837e-001 -2.0760620e-001  9.5848798e-001
  1.2420480e-001 -6.5199102e-001  7.4789878e-001
  3.3138100e-001 -9.4309400e-001  2.6414600e-002
  1.0196020e-001 -9.4297581e-001 -3.1727523e-001
 -1.3960556e-002 -4.9944890e-001 -8.6638858e-001
 -5.2777400e-002  2.6052400e-001 -9.6407300e-001
 -3.7280500e-001  5.9052000e-001 -7.1570400e-001
 -6.3587800e-001  7.3288700e-001 -2.4203600e-001
 -5.1240300e-001  7.8219200e-001  3.5443900e-001
 -4.9751900e-001  3.7398500e-001  7.8270200e-001
  1.0035405e-001  1.6674515e-001  9.8089028e-001
  3.8488052e-001 -2.6720209e-001  8.8346126e-001
  7.8600200e-001 -4.2522000e-001  4.4863500e-001
  8.8512000e-001 -4.3254000e-001 -1.7145200e-001
  6.2644100e-001 -1.5812700e-001 -7.6325100e-001
  1.0553805e-001 -5.1072299e-003 -9.9435044e-001
 -4.7450358e-001  1.1543550e-001 -8.7246617e-001
 -8.3888600e-001  1.8755600e-001 -5.1080000e-001
 -9.9249900e-001  1.2090000e-001 -1.1405000e-002
 -8.6725700e-001 -5.3473000e-004  4.9773600e-001
 -3.0123574e-001  1.9428744e-002  9.5337037e-001
  2.8503318e-001  4.1263738e-002  9.5770194e-001
  7.6390600e-001  6.7170900e-002  6.4176100e-001
  9.7299900e-001  1.2027500e-001  1.9697600e-001
  7.3999128e-001  3.4383394e-001 -5.7770262e-001
  4.4244180e-001  8.1243457e-002 -8.9307116e-001
 -2.2805600e-001 -1.1118100e-001 -9.6729500e-001
 -6.4708100e-001 -3.9021500e-001 -6.5491300e-001
 -7.9833600e-001 -5.9014900e-001 -1.2005900e-001
 -7.0481000e-001 -5.8360400e-001  4.0326200e-001
 -2.9709600e-001 -4.3589700e-001  8.4957700e-001
  8.9802026e-003  5.9810968e-002  9.9820675e-001
  3.5890737e-001  6.1737381e-001  7.0007285e-001
  5.0477200e-001  8.5240300e-001  1.3664200e-001
  4.2139800e-001  6.9836700e-001 -5.7859300e-001
  2.6166087e-001  4.5587916e-001 -8.5071123e-001
  9.8633742e-002 -1.3613649e-001 -9.8587326e-001
 -1.5573500e-001 -6.6775400e-001 -7.2799900e-001
 -2.2309300e-001 -9.5146800e-001 -2.1188500e-001
 -1.6903300e-001 -9.0582800e-001  3.8854200e-001
  1.0340600e-001 -5.7508400e-001  8.1148200e-001
 -1.6074074e-001 -2.2930269e-001  9.5996960e-001
 -1.3803994e-001  4.3159401e-001  8.9136314e-001
 -3.3000300e-001  7.8455800e-001  5.2498000e-001
 -3.7965600e-001  9.0447200e-001 -1.9417300e-001
 -3.7166557e-001  5.9015656e-001 -7.1655732e-001
  3.0982932e-002  2.0944375e-001 -9.7742830e-001
  2.8706500e-001 -3.1888400e-001 -9.0335000e-001
  6.7187400e-001 -5.8591700e-001 -4.5297400e-001
  7.4134500e-001 -6.6375400e-001  9.8817300e-002
  6.3235200e-001 -4.4890900e-001  6.3130300e-001
  1.1083191e-001 -2.0894254e-001  9.7155881e-001
 -3.2856285e-001  2.2628723e-001  9.1699601e-001
 -7.5717000e-001  3.6157800e-001  5.4399700e-001
 -9.5146500e-001  2.7653800e-001 -1.3459600e-001
 -7.5814539e-001  2.6487339e-001 -5.9546276e-001
 -1.5965044e-001  6.3238747e-002 -9.8518679e-001
  3.6277500e-001 -9.8119800e-002 -9.2672800e-001
  8.5065100e-001 -6.9794900e-002 -5.2102400e-001
  9.9589900e-001 -3.5628800e-003  8.9314300e-002
  8.2272100e-001  1.0623700e-001  5.5839100e-001
  3.8211600e-001  1.5028300e-001  9.1181100e-001
 -1.5719391e-001 -6.9619522e-002  9.8522011e-001
 -7.5924278e-001 -2.6243720e-001  5.9544434e-001
 -9.4268000e-001 -3.0074600e-001  1.4460000e-001
 -7.4179800e-001 -4.0368100e-001 -5.3558600e-001
 -3.3792109e-001 -2.0557866e-001 -9.1860759e-001
  1.1692888e-001  1.9253131e-001 -9.7439564e-001
  6.3736700e-001  4.6430800e-001 -6.1492900e-001
  7.1970400e-001  6.8817100e-001 -9.2423100e-002
  6.0001000e-001  6.6190500e-001  4.4935700e-001
  2.1347900e-001  4.2177000e-001  8.8124400e-001
  1.6263160e-003 -1.9375749e-001  9.8107017e-001
 -3.5096006e-001 -6.0026024e-001  7.1871434e-001
 -4.9400000e-001 -8.2158700e-001  2.8445700e-001
 -2.8392600e-001 -8.3136600e-001 -4.7779800e-001
 -1.6690902e-001 -3.8065223e-001 -9.0942259e-001
 -1.3587547e-001  1.7538683e-001 -9.7501420e-001
  5.0878200e-002  6.5608500e-001 -7.5292700e-001
 -6.2632600e-002  9.5167300e-001 -3.0058900e-001
 -3.2679400e-001  9.2514500e-001  1.9338600e-001
 -2.0637500e-001  6.7515100e-001  7.0833700e-001
  5.1120413e-002  1.5808809e-001  9.8627532e-001
  2.9543335e-001 -4.7760515e-001  8.2749128e-001
  3.5737900e-001 -7.1497900e-001  6.0082800e-001
  5.3044700e-001 -8.4198300e-001 -9.8208000e-002
  3.3818626e-001 -5.9938500e-001 -7.2572076e-001
  3.7589544e-002 -8.5302697e-002 -9.9568789e-001
 -2.8905700e-001  3.4412500e-001 -8.9331900e-001
 -6.6972500e-001  5.5272600e-001 -4.9579600e-001
 -8.2060000e-001  5.6961600e-001  4.5474700e-002
 -7.2620200e-001  4.0603100e-001  5.5466000e-001
 -2.3968100e-001  1.1875300e-001  9.6356800e-001
  4.3252860e-001 -7.8878343e-002  8.9816223e-001
  7.4970496e-001 -3.4041459e-001  5.6742141e-001
  9.9043100e-001 -8.6261100e-002 -1.0723800e-001
  7.5089400e-001 -1.0414100e-001 -6.5212700e-001
  2.6977673e-001 -9.8828575e-002 -9.5794133e-001
 -2.8806990e-001  2.2899789e-002 -9.5742784e-001
 -8.5527500e-001  7.4883300e-002 -5.1270700e-001
 -9.8384600e-001 -1.5452500e-001 -9.0205200e-002
 -8.4900300e-001 -2.2920400e-001  4.7615900e-001
 -4.2571330e-001 -1.5554720e-001  8.9126387e-001
  5.3855472e-002  3.9961562e-002  9.9773534e-001
  6.3621100e-001  2.0156500e-001  7.4474400e-001
  8.9317900e-001  4.2279500e-001  1.5338100e-001
  7.8025800e-001  4.4286700e-001 -4.4168000e-001
  3.6629932e-001  2.7720984e-001 -8.8835190e-001
  1.0876295e-001 -1.6922675e-001 -9.7964502e-001
 -4.3465300e-001 -4.1637200e-001 -7.9851900e-001
 -5.4329700e-001 -7.8130800e-001 -3.0716500e-001
 -5.6577200e-001 -7.9732300e-001  2.1040300e-001
 -4.0813400e-001 -6.5447700e-001  6.3646300e-001
 -1.3577000e-001 -2.1324800e-001  9.6756800e-001
 -1.5390760e-002  5.1845354e-001  8.5511861e-001
  1.0741543e-001  9.3485321e-001  3.3849003e-001
  4.1187000e-001  9.1092000e-001 -2.4586500e-002
  9.5146759e-002  6.7283329e-001 -7.3351419e-001
  2.1435532e-001  1.7921226e-001 -9.6015864e-001
  7.7226400e-003 -5.5800300e-001 -8.2983000e-001
  8.0140800e-003 -8.8912300e-001 -4.5766400e-001
  1.5516300e-001 -9.7511500e-001  1.5823800e-001
  1.3077100e-001 -7.5951800e-001  6.3710300e-001
  1.2152000e-001 -2.2498500e-001  9.6679200e-001
  1.1079000e-002  2.9860300e-001  9.5435700e-001
 -1.9083484e-001  7.5040225e-001  6.3302059e-001
 -3.4523088e-001  9.2866613e-001  1.3596603e-001
 -4.0181000e-001  7.0116000e-001 -5.8900100e-001
 -2.5625500e-001  2.8357500e-001 -9.2403300e-001
 -1.1395678e-001 -1.7047065e-001 -9.7892787e-001
  1.8487266e-001 -6.1659590e-001 -7.6536733e-001
  4.2501100e-001 -8.9270900e-001 -1.4991000e-001
  4.3484600e-001 -7.9366000e-001  4.2539000e-001
