  8.5386300e-001 -5.1803400e-001 -4.9665700e-002
  8.5477400e-001 -5.1051800e-001 -9.2358000e-002
  8.9749542e-001 -4.3160504e-001  8.7850994e-002
  9.1493570e-001 -3.5993992e-001  1.8109503e-001
  8.8521200e-001 -4.5918500e-001  7.3749500e-002
  9.1247000e-001 -4.0181700e-001  7.6091500e-002
  9.1635636e-001 -3.8115785e-001  1.2101981e-001
  9.2960584e-001 -3.3549124e-001  1.5152069e-001
  9.4982000e-001 -2.9989700e-001  8.8257300e-002
  9.5180200e-001 -3.0342400e-001 -4.3010600e-002
  9.7889600e-001 -1.8836000e-001 -7.8383600e-002
  9.8639100e-001 -1.1887300e-001 -1.1316500e-001
  9.9372600e-001  3.7018300e-002 -1.0536600e-001
  9.8517000e-001  1.7125700e-001  1.3908400e-003
  9.8002993e-001  6.9034175e-002 -1.8549537e-001
  9.9184704e-001  9.8893446e-002 -7.8625751e-002
  9.3717300e-001  3.2581000e-001 -1.2480200e-001
  9.6109683e-001  1.7546237e-001 -2.1262631e-001
  9.6869045e-001  2.0745754e-001 -1.3533816e-001
  9.5033400e-001  3.0956000e-001  3.1592000e-002
  8.9592000e-001  4.2990300e-001 -1.1204300e-001
  7.7137700e-001  6.1315300e-001 -1.7005000e-001
  8.0159500e-001  5.8372800e-001 -1.2932700e-001
  6.1007100e-001  7.9225200e-001  9.2954600e-003
  6.7031184e-001  7.1715638e-001 -1.9046125e-001
  6.1932082e-001  7.8438373e-001 -3.2587153e-002
  4.6124100e-001  8.8670300e-001  3.2236800e-002
  4.3647800e-001  8.9961400e-001 -1.6151900e-002
  3.7857700e-001  9.1767600e-001  1.2060100e-001
  4.1471216e-001  9.0909571e-001  3.9446417e-002
  3.8642401e-001  9.1801445e-001 -8.8724324e-002
  2.7481400e-001  9.5631600e-001 -1.0021500e-001
  1.1922900e-001  9.8806700e-001  9.8005400e-002
 -1.0958300e-002  9.9975700e-001 -1.8164800e-002
 -1.4260678e-001  9.8761798e-001 -6.5217166e-002
 -9.5653923e-002  9.9534624e-001 -1.4335723e-002
 -1.1995500e-001  9.9198400e-001  3.9068600e-002
 -1.2834700e-001  9.9132900e-001  2.9150800e-002
 -4.2511286e-001  9.0524897e-001 -5.8273860e-003
 -3.2550320e-001  9.4258826e-001 -7.5518515e-002
 -4.1941300e-001  9.0773900e-001 -5.3126200e-003
 -4.6693800e-001  8.8188300e-001 -6.3944000e-002
 -5.7330400e-001  8.0578400e-001 -1.4829400e-001
 -6.9096600e-001  6.9339800e-001 -2.0428900e-001
 -8.5938700e-001  5.0976400e-001 -3.8813900e-002
 -8.1396073e-001  5.7999195e-001 -2.7402501e-002
 -8.3461161e-001  5.4772750e-001 -5.4934187e-002
 -8.4963500e-001  5.1849400e-001 -9.5770000e-002
 -8.5128500e-001  5.2448400e-001  1.2921200e-002
 -9.2015447e-001  3.8303535e-001 -7.7689451e-002
 -9.0352060e-001  4.0230697e-001 -1.4588041e-001
 -8.8080000e-001  4.2737000e-001 -2.0364400e-001
 -9.3754800e-001  2.6889800e-001 -2.2037500e-001
 -9.4651400e-001  3.9333500e-002 -3.2025300e-001
 -9.4266700e-001 -3.1691300e-001 -1.0437900e-001
 -9.6725024e-001 -1.5558565e-001 -1.9891885e-001
 -9.7925136e-001 -1.9292812e-001 -5.8116835e-002
 -9.3266700e-001 -3.5656800e-001 -5.3459900e-002
 -9.1115300e-001 -4.0202800e-001 -9.0751500e-002
 -8.6210660e-001 -5.0539581e-001  3.1185003e-002
 -8.3690918e-001 -5.2891801e-001 -1.3986680e-001
 -7.9793200e-001 -6.0130100e-001 -4.1355100e-002
 -7.1263000e-001 -6.7802500e-001 -1.8016300e-001
 -6.5608300e-001 -7.4795300e-001 -1.0096100e-001
 -5.4957400e-001 -8.3438800e-001 -4.2805000e-002
 -5.1762702e-001 -8.4652938e-001 -1.2296036e-001
 -4.6449436e-001 -8.8398538e-001  5.1731696e-002
 -3.9071800e-001 -9.1813800e-001  6.6383800e-002
 -2.8742000e-001 -9.5534500e-001  6.8977800e-002
 -2.6816519e-001 -9.5946268e-001 -8.5243656e-002
 -3.0059119e-001 -9.5355032e-001 -1.2574965e-002
 -1.9802100e-001 -9.7990300e-001  2.6255000e-002
 -9.3524100e-002 -9.9547000e-001 -1.9340700e-002
 -4.5096800e-003 -9.9992000e-001  1.0042700e-002
  1.2876000e-001 -9.9173500e-001 -1.0002000e-003
  2.0621500e-001 -9.7563400e-001  7.4307900e-002
  2.9227604e-001 -9.5593535e-001 -2.0923971e-002
  2.7311628e-001 -9.5897195e-001 -7.4383172e-002
  3.1494500e-001 -9.4499100e-001  8.8045600e-002
  4.1955500e-001 -9.0232400e-001  9.8987500e-002
  4.4571812e-001 -8.9422172e-001  3.6310189e-002
  5.3222037e-001 -8.4029507e-001 -1.0200062e-001
  5.6822400e-001 -8.2223300e-001 -3.1880600e-002
  6.7779200e-001 -7.2516300e-001 -1.2117800e-001
  7.5421400e-001 -6.5513800e-001 -4.2200400e-002
  8.1941100e-001 -5.6840600e-001  7.3455400e-002
  8.5365673e-001 -5.1050038e-001 -1.0226324e-001
  8.5658149e-001 -5.1562906e-001 -1.2326933e-002
  8.6447000e-001 -4.9893800e-001  6.0505900e-002
  9.2432100e-001 -3.6973100e-001  9.4159100e-002
  9.7421786e-001 -2.0501739e-001 -9.3017382e-002
  9.7373163e-001 -1.5734781e-001 -1.6398775e-001
  9.8770700e-001 -1.4449600e-001 -5.9194600e-002
  9.8210300e-001  5.2590900e-003 -1.8814400e-001
  8.9688900e-001  3.6817300e-001 -2.4494900e-001
  8.9796200e-001  4.1822700e-001 -1.3700400e-001
  8.9692093e-001  4.2706818e-001 -1.1479985e-001
  9.2230442e-001  3.6862190e-001 -1.1639547e-001
  8.6241700e-001  4.9951900e-001  8.1399800e-002
  8.4225600e-001  5.3667300e-001 -5.0996100e-002
  8.3263568e-001  5.5001094e-001 -6.6230410e-002
  8.1761322e-001  5.7548359e-001 -1.8485154e-002
  8.4816100e-001  5.2480600e-001 -7.2349400e-002
  6.9403000e-001  7.0347400e-001 -1.5342500e-001
  5.5981500e-001  8.1741900e-001 -1.3595700e-001
  4.2822400e-001  8.9847800e-001 -9.7063200e-002
  3.8240400e-001  9.2387200e-001 -1.8690600e-002
  3.4451143e-001  9.3513995e-001 -8.3650211e-002
  4.0938892e-001  9.1241449e-001  6.5961602e-003
  8.7116300e-002  9.9616400e-001  2.9278200e-003
  1.0879900e-001  9.9355300e-001 -3.3384200e-002
  1.5358022e-001  9.8658467e-001 -5.8325998e-002
  9.9818678e-002  9.9513613e-001 -6.1379505e-003
  9.7516400e-002  9.9515300e-001 -1.7126600e-002
 -1.5257600e-001  9.8791000e-001 -2.8351600e-002
 -2.8096000e-001  9.5886700e-001 -3.9553500e-002
 -4.1922472e-001  9.0686030e-001 -4.1784469e-002
 -3.9812601e-001  9.1721338e-001 -1.5105533e-002
 -3.3266800e-001  9.4261700e-001  2.9234100e-002
 -4.2992400e-001  9.0266500e-001  1.6080000e-002
 -4.7259600e-001  8.7996500e-001  4.7249700e-002
 -6.5808474e-001  7.5193553e-001 -3.6560838e-002
 -6.3152744e-001  7.4913139e-001 -1.9953736e-001
 -6.5776400e-001  7.5235200e-001 -3.4259200e-002
 -7.7650400e-001  6.0672600e-001 -1.6980300e-001
 -8.1564300e-001  5.0377400e-001 -2.8414900e-001
 -9.0874100e-001  3.5767200e-001 -2.1499000e-001
 -9.0687000e-001  4.1971800e-001 -3.4694700e-002
 -9.7184196e-001  1.9328277e-001 -1.3481190e-001
 -9.5739666e-001  1.8913908e-001 -2.1827930e-001
 -8.9219500e-001  3.9755800e-001 -2.1420300e-001
 -9.9551348e-001  5.6688875e-002 -7.7097780e-002
 -9.7439467e-001  1.0761447e-001 -1.9742690e-001
 -9.6442400e-001  2.1508600e-001 -1.5357300e-001
 -9.8424800e-001  7.3681600e-002 -1.6044900e-001
 -9.7407200e-001 -1.7766500e-001 -1.3965300e-001
 -9.5925600e-001 -2.5935200e-001 -1.1207900e-001
 -9.4061600e-001 -3.3697400e-001  3.9801500e-002
 -9.3923300e-001 -3.2418800e-001  1.1235200e-001
 -9.2557743e-001 -3.5227477e-001  1.3844968e-001
 -9.2305503e-001 -3.6217357e-001  1.2902829e-001
 -8.9892200e-001 -4.2454800e-001  1.0790200e-001
 -8.9714000e-001 -4.2564500e-001  1.1824100e-001
 -8.8511568e-001 -4.2982624e-001  1.7788154e-001
 -9.2807140e-001 -3.6547282e-001  7.0139390e-002
 -8.9909600e-001 -4.3553300e-001  4.3889100e-002
 -8.8021500e-001 -4.7436000e-001  1.4758600e-002
